Day;nrEmpty;nrGrass;nrRabbits;nrFemaleRabbits;nrMaleRabbits;nrFoxes;nrFemaleFoxes;nrMaleFoxes;av.LevelGRass;av.AgeRabbit;av.AgeFox;changeOfEmpty;changeOfGrass;changeOfRabbit;changeOfFox;
Initial Day;109;88;162;84;78;41;24;17;1;0;0;109;88;162;41
1;23;176;160;83;77;41;24;17;3.05;1;1;-86;88;-2;0
2;9;192;158;81;77;41;24;17;3;2;2;-14;16;-2;0
3;16;152;191;102;89;41;24;17;1.7;1.52;3;7;-40;33;0
4;6;192;159;90;69;43;25;18;1.22;1.95;3.21;-10;40;-32;2
5;4;182;169;99;70;45;26;19;1.09;2.43;3.73;-2;-10;10;2
6;2;165;187;108;79;46;27;19;0.78;2.06;4.37;-2;-17;18;1
7;1;181;171;84;87;47;27;20;0.49;2.27;4.91;-1;16;-16;1
8;0;189;160;83;77;51;31;20;0.42;2.13;4.82;-1;8;-11;4
9;0;195;149;77;72;56;33;23;0.52;1.83;5.11;0;6;-11;5
10;0;205;134;69;65;61;33;28;0.61;1.88;5.03;0;10;-15;5
11;0;221;118;57;61;61;32;29;0.59;2.01;5.21;0;16;-16;0
12;1;247;100;49;51;52;25;27;0.79;2.07;5.15;1;26;-18;-9
13;0;256;98;47;51;46;24;22;0.98;2.29;3.63;-1;9;-2;-6
14;0;248;107;51;56;45;25;20;1.42;2.11;3.91;0;-8;9;-1
15;0;237;113;52;61;50;28;22;1.56;2.04;3.9;0;-11;6;5
16;0;240;109;49;60;51;29;22;1.59;2.16;3.82;0;3;-4;1
17;0;235;114;45;69;51;26;25;1.6;2.07;3.75;0;-5;5;0
18;0;239;111;43;68;50;27;23;1.67;2.06;3.88;0;4;-3;-1
19;0;249;100;46;54;51;26;25;1.7;2.11;4.37;0;10;-11;1
20;0;262;92;44;48;46;21;25;1.72;1.95;4.87;0;13;-8;-5
21;0;261;90;44;46;49;23;26;1.87;2.02;4.27;0;-1;-2;3
22;0;268;83;39;44;49;25;24;1.94;2.06;4;0;7;-7;0
23;0;277;80;37;43;43;23;20;2.01;2.1;3.58;0;9;-3;-6
24;0;269;87;44;43;44;23;21;2.19;2.28;4.48;0;-8;7;1
25;0;265;89;43;46;46;23;23;2.27;2.1;4.09;0;-4;2;2
26;0;271;83;39;44;46;25;21;2.29;2.02;4.17;0;6;-6;0
27;0;275;78;38;40;47;25;22;2.28;2;4;0;4;-5;1
28;0;279;81;37;44;40;24;16;2.34;2.16;3.43;0;4;3;-7
29;0;269;86;37;49;45;26;19;2.41;2.14;3.24;0;-10;5;5
30;0;270;87;39;48;43;25;18;2.48;2.22;2.84;0;1;1;-2
31;0;273;85;38;47;42;26;16;2.52;2.56;3.24;0;3;-2;-1
32;0;281;78;35;43;41;28;13;2.52;2.04;3.78;0;8;-7;-1
33;0;273;87;42;45;40;27;13;2.73;2;3.58;0;-8;9;-1
34;0;280;82;41;41;38;25;13;2.73;1.76;3.42;0;7;-5;-2
35;0;282;77;42;35;41;27;14;2.73;2.04;3.44;0;2;-5;3
36;0;281;85;49;36;34;20;14;2.78;1.78;3.85;0;-1;8;-7
37;0;289;78;44;34;33;19;14;2.8;2.15;4.45;0;8;-7;-1
38;0;295;74;35;39;31;16;15;2.82;2.28;3.94;0;6;-4;-2
39;0;291;78;34;44;31;17;14;2.99;1.55;3.45;0;-4;4;0
40;0;295;77;35;42;28;15;13;2.97;1.75;3.96;0;4;-1;-3
41;0;297;78;37;41;25;14;11;3.07;2.28;3.92;0;2;1;-3
42;0;300;78;40;38;22;14;8;3.15;1.99;4.59;0;3;0;-3
43;0;309;68;37;31;23;13;10;3.12;2.29;4.52;0;9;-10;1
44;0;304;73;36;37;23;13;10;3.16;2.62;3.17;0;-5;5;0
45;0;296;84;41;43;20;13;7;3.25;1.9;3.9;0;-8;11;-3
46;0;293;88;44;44;19;12;7;3.29;1.89;3.84;0;-3;4;-1
47;0;293;89;45;44;18;11;7;3.24;1.96;4.5;0;0;1;-1
48;0;298;85;42;43;17;9;8;3.2;1.8;4.18;0;5;-4;-1
49;0;289;92;44;48;19;10;9;3.21;2.25;3.74;0;-9;7;2
50;0;280;98;45;53;22;11;11;3.2;2.1;4.09;0;-9;6;3
51;0;277;102;48;54;21;11;10;3.13;1.83;3.52;0;-3;4;-1
52;0;283;97;40;57;20;9;11;3.01;1.89;3.25;0;6;-5;-1
53;0;283;96;35;61;21;10;11;3;1.95;3.1;0;0;-1;1
54;0;274;103;40;63;23;11;12;3.09;1.64;3.48;0;-9;7;2
55;0;284;94;35;59;22;11;11;2.88;1.8;3.86;0;10;-9;-1
56;0;286;91;36;55;23;11;12;2.84;2;3.22;0;2;-3;1
57;0;281;95;38;57;24;13;11;2.86;1.98;3.54;0;-5;4;1
58;0;292;84;34;50;24;14;10;2.85;1.89;3.75;0;11;-11;0
59;0;292;82;36;46;26;12;14;2.91;2.2;3.62;0;0;-2;2
60;0;287;88;40;48;25;12;13;2.97;2.08;4;0;-5;6;-1
61;0;285;89;43;46;26;13;13;2.89;1.98;4.38;0;-2;1;1
62;0;281;94;46;48;25;14;11;2.83;1.89;4.8;0;-4;5;-1
63;0;284;96;51;45;20;12;8;2.88;1.85;4.35;0;3;2;-5
64;0;275;106;54;52;19;11;8;3;1.78;4.89;0;-9;10;-1
65;0;279;102;53;49;19;11;8;2.94;1.75;5.32;0;4;-4;0
66;0;282;98;51;47;20;12;8;2.82;1.74;5.05;0;3;-4;1
67;0;281;100;54;46;19;11;8;2.89;1.79;5.37;0;-1;2;-1
68;0;270;109;57;52;21;13;8;2.9;1.86;5.14;0;-11;9;2
69;0;270;108;58;50;22;14;8;2.77;1.77;3.86;0;0;-1;1
70;0;272;108;57;51;20;12;8;2.72;1.98;4.35;0;2;0;-2
71;0;269;112;62;50;19;11;8;2.78;1.67;4.16;0;-3;4;-1
72;0;269;114;65;49;17;12;5;2.68;1.44;4.06;0;0;2;-2
73;0;272;111;60;51;17;13;4;2.6;1.77;4.35;0;3;-3;0
74;0;269;113;57;56;18;11;7;2.58;1.95;3.5;0;-3;2;1
75;0;260;124;57;67;16;10;6;2.58;1.82;4.06;0;-9;11;-2
76;0;260;124;58;66;16;9;7;2.44;1.91;4.75;0;0;0;0
77;0;263;121;58;63;16;9;7;2.3;2.2;5.75;0;3;-3;0
78;0;259;125;66;59;16;9;7;2.33;2.14;5.56;0;-4;4;0
79;0;255;129;62;67;16;8;8;2.27;2.01;5.75;0;-4;4;0
80;0;263;124;66;58;13;7;6;2.22;2.17;5.46;0;8;-5;-3
81;0;258;131;66;65;11;6;5;2.33;2.09;5.64;0;-5;7;-2
82;0;254;138;81;57;8;3;5;2.31;1.64;5;0;-4;7;-3
83;0;253;138;79;59;9;3;6;2.24;1.89;5.22;0;-1;0;1
84;0;246;144;80;64;10;3;7;2.2;1.91;5.4;0;-7;6;1
85;0;250;142;78;64;8;2;6;2.12;1.86;5.63;0;4;-2;-2
86;0;253;139;74;65;8;2;6;2.05;2.06;6.63;0;3;-3;0
87;0;245;149;72;77;6;2;4;2.09;2.06;6.33;0;-8;10;-2
88;0;232;162;75;87;6;2;4;2.08;1.81;7;0;-13;13;0
89;0;240;154;71;83;6;2;4;1.85;1.94;7.33;0;8;-8;0
90;0;239;158;75;83;3;1;2;1.84;1.66;5.67;0;-1;4;-3
91;0;235;163;80;83;2;0;2;1.91;1.74;4;0;-4;5;-1
92;0;240;158;76;82;2;0;2;1.75;2.07;5;0;5;-5;0
93;0;251;147;64;83;2;0;2;1.64;2.03;5.5;0;11;-11;0
94;0;248;150;65;85;2;0;2;1.7;2.03;6.5;0;-3;3;0
95;0;250;148;69;79;2;0;2;1.65;2.12;7;0;2;-2;0
96;0;237;161;80;81;2;0;2;1.75;2.04;8;0;-13;13;0
97;0;239;160;79;81;1;0;1;1.62;1.89;7;0;2;-1;-1
98;0;235;164;81;83;1;0;1;1.58;2.04;8;0;-4;4;0
99;0;237;162;83;79;1;0;1;1.52;1.86;9;0;2;-2;0
100;0;235;164;85;79;1;0;1;1.57;1.82;9;0;-2;2;0
101;0;236;163;75;88;1;0;1;1.52;1.93;10;0;1;-1;0
102;0;234;166;78;88;0;0;0;1.39;1.98;0;0;-2;3;-1
